$coord
    1.33028965627365      1.96278871916574      1.10210893058829       c
    2.91702465298142     -0.05148384971739      0.23102604851668       n
    2.13066055523444     -2.26311028767927     -0.92704974797171       c
   -0.43493052092560     -2.93820530809859     -0.38507967803880       n
   -1.69940326505263     -1.61008411255295      1.41173178777901       c
   -1.31810746122220      1.15115588398167      1.26609651019687       c
    3.46948899569400     -3.63795286406028     -2.16778819337758       o
   -2.42537109224694      2.03752200167524     -0.27270535659264       h
    2.21008833317726      4.06313171788141      1.35952164072287       o
    4.74919508667328      0.43180816424441     -0.13013837062727       h
   -0.80767803524771     -4.80222665988127     -0.74503110088062       h
   -2.79618139162692     -2.63941103513625      2.85111692059724       h
$end
