$grad          cartesian gradients
  cycle =      1 MP2 energy =     -413.1122633174 |dE/dxyz| =  0.121566
    1.33028965627365      1.96278871916574      1.10210893058829      c
    2.91702465298142     -0.05148384971739      0.23102604851668      n
    2.13066055523444     -2.26311028767927     -0.92704974797171      c
   -0.43493052092560     -2.93820530809859     -0.38507967803880      n
   -1.69940326505263     -1.61008411255295      1.41173178777901      c
   -1.31810746122220      1.15115588398167      1.26609651019687      c
    3.46948899569400     -3.63795286406028     -2.16778819337758      o
   -2.42537109224694      2.03752200167524     -0.27270535659264      h
    2.21008833317726      4.06313171788141      1.35952164072287      o
    4.74919508667328      0.43180816424441     -0.13013837062727      h
   -0.80767803524771     -4.80222665988127     -0.74503110088062      h
   -2.79618139162692     -2.63941103513625      2.85111692059724      h
  0.10251831704927D-01  0.20576721454573D-01  0.35527842378031D-01
  -.60152485598994D-02  0.12392856759118D-01  0.46080402510507D-02
  -.12533342683632D-01  -.17003779305632D-01  0.41313536339542D-02
  -.21283897769738D-01  0.18221324145721D-01  -.34955040142255D-01
  -.15508187754197D-01  -.61156974279999D-01  0.36138219328636D-01
  -.38413282765788D-02  0.35922453145424D-01  -.16873892324817D-01
  0.11450065978540D-02  0.40397425081267D-02  0.21421490322648D-02
  0.26312790524673D-01  -.18518568367154D-01  -.33610637652733D-01
  0.16781784512752D-02  -.20777914111747D-03  -.54427972973397D-02
  -.15467603160806D-02  0.20175271608642D-02  -.61017435700572D-03
  -.48169194353234D-02  0.40036824418612D-02  -.10354456466522D-01
  0.26157877385268D-01  -.28720669952742D-03  0.19299393523952D-01
$end
$grad          cartesian gradients
  cycle =      1 ADC(2) energy =     -413.1114865898 |dE/dxyz| =  0.047599
    1.33028965627365      1.96278871916574      1.10210893058829      c
    2.91702465298142     -0.05148384971739      0.23102604851668      n
    2.13066055523444     -2.26311028767927     -0.92704974797171      c
   -0.43493052092560     -2.93820530809859     -0.38507967803880      n
   -1.69940326505263     -1.61008411255295      1.41173178777901      c
   -1.31810746122220      1.15115588398167      1.26609651019687      c
    3.46948899569400     -3.63795286406028     -2.16778819337758      o
   -2.42537109224694      2.03752200167524     -0.27270535659264      h
    2.21008833317726      4.06313171788141      1.35952164072287      o
    4.74919508667328      0.43180816424441     -0.13013837062727      h
   -0.80767803524771     -4.80222665988127     -0.74503110088062      h
   -2.79618139162692     -2.63941103513625      2.85111692059724      h
  -.41309477516349D-02  -.89838098556410D-02  -.13911703019242D-01
  0.23681878141293D-02  -.44144234774788D-02  -.21431269264589D-02
  0.57441053848035D-02  0.65728745556597D-02  -.15273641978575D-02
  0.77454301676205D-02  -.68592397691827D-02  0.13543291587759D-01
  0.59123076679235D-02  0.23514276320273D-01  -.13895313248861D-01
  0.15615552245620D-02  -.13760418186714D-01  0.69133452141097D-02
  -.52545768666157D-03  -.12430484111441D-02  -.22137989533633D-03
  -.10300566091533D-01  0.76531734355751D-02  0.13473238602652D-01
  -.36667346420494D-03  -.13733177754460D-03  0.18709419982583D-02
  0.12415559503420D-03  -.67281233370231D-03  -.52329292819175D-04
  0.18608290986570D-02  -.17154683093876D-02  0.46259523829179D-02
  -.99929262163347D-02  0.46227524212572D-04  -.86755532434180D-02
$end
