 0 0 -77.99449359 2. 0.9828271564 .2 -0.1845285353
10 0 -77.98571071 2. 0.9881536417 .2 -0.1534561288
20 0 -77.97642367 2. 0.9895103358 .2 -0.1444163948
30 0 -77.96496301 2. 0.9882805449 .2 -0.1526264263
40 0 -77.95020452 2. 0.9848128770 .2 -0.1715447243
50 0 -77.93257405 2. 0.9661753248 .2 -0.1939708851 ab 0.1201676691 ba 0.1201676691
60 0 -77.91312791 2. -0.8292828506 ab -0.3833790397 ba -0.3833790397 .2 0.1353919405
70 0 -77.89295023 2. -0.6215928128 ab 0.5522747460 ba 0.5522747460 .2 0.0600631751
80 0 -77.87595738 ab 0.6610518327 ba 0.6610518327 2. 0.3546893475
90 0 -77.86833139 ab 0.7071066613 ba 0.7071066613

 0 1 -77.62624295 ab -0.7071067811 ba -0.7071067811
10 1 -77.64400683 ab -0.7071055095 ba -0.7071055095
20 1 -77.66552373 ab -0.7071021142 ba -0.7071021142
30 1 -77.68519330 ab -0.7071043987 ba -0.7071043987
40 1 -77.70261305 ab -0.7068535899 ba -0.7068535899
50 1 -77.71704852 ab -0.6968211616 ba -0.6968211616 2. 0.1666181269
60 1 -77.72972530 ba 0.5941552928 ab 0.5941552928 2. -0.5350952297 .2 0.0873617264
70 1 -77.74384077 2. -0.7774135363 ab -0.4415796700 ba -0.4415796700 .2 0.0751197960
80 1 -77.75707346 2. 0.9340653971 ab -0.2510188729 ba -0.2510188729
90 1 -77.76302595 2. -0.9998138699
