$coord
    1.35651988385286      1.92657617228138      1.04794624019650  c
    2.82079399725751      0.14176043778114     -0.27940979382585  n
    2.18186029495739     -2.29745189667030     -1.00122953814599  c
   -0.25312624191662     -2.96942133955293     -0.26568164686416  n
   -1.85961349182603     -1.38576727180364      1.03915227910646  c
   -1.16811686417028      0.98784176487200      1.71264907914836  c
    3.57894145254409     -3.70610581141187     -2.14863873360440  o
   -2.43873993551169      2.24449147243662      2.74633114331259  h
    2.19799857051710      4.00728065464415      1.54124984863169  o
    4.59237922673171      0.71287528612883     -0.78121473485842  h
   -0.79909862870129     -4.74428077616962     -0.75734484524760  h
   -3.72004033530895     -2.17577564404891      1.48938793862683  h
$user-defined bonds
$redundant
     number_of_atoms            12
     degrees_of_freedom         30
     internal_coordinates       30
     frozen_coordinates          0
# definitions of redundant internals
   1 k  1.0000000000000 stre   3    7           val=   2.29187
   2 k  0.7071067814007 bend   2    7    3      val=   0.47234
       -0.7071067809724 bend   4    7    3
   3 k  1.0000000000000 outp   7    4    2    3 val=   0.00087
   4 k  1.0000000000000 stre   6    8           val=   2.06450
   5 k  0.7071067856368 bend   5    8    6      val=   1.83169
       -0.7071067767363 bend   1    8    6
   6 k  1.0000000000000 outp   8    1    5    6 val=  -0.00433
   7 k  1.0000000000000 stre   1    9           val=   2.29799
   8 k -0.7071067811851 bend   2    9    1      val=   2.59792
        0.7071067811880 bend   6    9    1
   9 k  1.0000000000000 outp   9    6    2    1 val=   0.00096
  10 k  1.0000000000000 stre   2   10           val=   1.92782
  11 k -0.7071067800481 bend   3   10    2      val=   0.27776
        0.7071067823250 bend   1   10    2
  12 k  1.0000000000000 outp  10    1    3    2 val=   0.00536
  13 k  1.0000000000000 stre   4   11           val=   1.92092
  14 k  0.7071067878008 bend   5   11    4      val=   2.82539
       -0.7071067745723 bend   3   11    4
  15 k  1.0000000000000 outp  11    3    5    4 val=   0.00278
  16 k  1.0000000000000 stre   5   12           val=   2.07075
  17 k  0.7071067811868 bend   6   12    5      val=   3.53664
       -0.7071067811863 bend   4   12    5
  18 k  1.0000000000000 outp  12    4    6    5 val=  -0.00143
  19 k  1.0000000000000 stre   1    2           val=   2.66299
  20 k  1.0000000000000 stre   2    3           val=   2.62279
  21 k  1.0000000000000 stre   3    4           val=   2.63092
  22 k  1.0000000000000 stre   4    5           val=   2.60602
  23 k  1.0000000000000 stre   5    6           val=   2.56238
  24 k  1.0000000000000 stre   6    1           val=   2.77432
  25 k -0.2886751345948 bend   1    3    2      val=  -1.17199
       -0.2886751345948 bend   2    4    3
        0.5773502691896 bend   3    5    4
       -0.2886751345948 bend   4    6    5
       -0.2886751345948 bend   5    1    6
        0.5773502691896 bend   6    2    1
  26 k  0.5000000000000 bend   1    3    2      val=   4.55734
       -0.5000000000000 bend   2    4    3
        0.5000000000000 bend   4    6    5
       -0.5000000000000 bend   5    1    6
  27 k -0.4082482904639 bend   1    3    2      val=  -4.08887
        0.4082482904639 bend   2    4    3
       -0.4082482904639 bend   3    5    4
        0.4082482904639 bend   4    6    5
       -0.4082482904639 bend   5    1    6
        0.4082482904639 bend   6    2    1
  28 k -0.2886751345948 tors   2    3    4    5 val=  -0.00089
       -0.2886751345948 tors   3    4    5    6
        0.5773502691896 tors   4    5    6    1
       -0.2886751345948 tors   5    6    1    2
       -0.2886751345948 tors   6    1    2    3
        0.5773502691896 tors   1    2    3    4
  29 k  0.5000000000000 tors   2    3    4    5 val=   0.00090
       -0.5000000000000 tors   3    4    5    6
        0.5000000000000 tors   5    6    1    2
       -0.5000000000000 tors   6    1    2    3
  30 k -0.4082482904639 tors   2    3    4    5 val=   0.00396
        0.4082482904639 tors   3    4    5    6
       -0.4082482904639 tors   4    5    6    1
        0.4082482904639 tors   5    6    1    2
       -0.4082482904639 tors   6    1    2    3
        0.4082482904639 tors   1    2    3    4
        30 non zero eigenvalues  of BmBt
           1          11.039351093    1    0
         1
           2           5.390716134    2    0
         2
           3           4.724587519    3    0
         3
           4           4.389470437    4    0
         4
           5           4.332911307    5    0
         5
           6           3.592205157    6    0
         6
           7           3.473661857    7    0
         7
           8           3.381657032    8    0
         8
           9           3.176605112    9    0
         9
          10           2.616814509   10    0
        10
          11           1.932588778   11    0
        11
          12           1.896092657   12    0
        12
          13           1.860309298   13    0
        13
          14           1.572418128   14    0
        14
          15           1.529046678   15    0
        15
          16           0.993452313   16    0
        16
          17           0.915932826   17    0
        17
          18           0.541316169   18    0
        18
          19           0.456914494   19    0
        19
          20           0.393475676   20    0
        20
          21           0.382131850   21    0
        21
          22           0.363755166   22    0
        22
          23           0.340437896   23    0
        23
          24           0.284657000   24    0
        24
          25           0.272443277   25    0
        25
          26           0.253652343   26    0
        26
          27           0.227875991   27    0
        27
          28           0.142269198   28    0
        28
          29           0.109259882   29    0
        29
          30           0.096997119   30    0
        30
$end
