$energy      SCF               SCFKIN            SCFPOT            MP2
     1 -412.1283775210      410.1415774391     -822.2699549600
     2 -412.1283775236      410.1415708222     -822.2699483457
     3 -412.1283775229      410.1415680666     -822.2699455895
     4 -412.1283775238      410.141567     -822.269945     -1.122444597584
     5 -412.1372332341      410.349654     -822.486887     -1.117931038026
     6 -412.1387049516      410.383933     -822.522637     -1.116911753286
     7 -412.1387667358      410.383085     -822.521852     -1.116865834138
     8 -412.1385332357      410.367503     -822.506037     -1.117123050700
     9 -412.1383247030      410.355086     -822.493411     -1.117339436197
    10 -412.1384207414      410.360436     -822.498857     -1.117246568641
    11 -412.1385363761      410.367979     -822.506516     -1.117131073225
    12 -412.1384700875      410.364584     -822.503054     -1.117198786629
    13 -412.1384634932      410.363912     -822.502376     -1.117205290898
    14 -412.1384624969      410.363893     -822.502356     -1.117206426512
$end
