$grad          cartesian gradients
  cycle =      4 MP2 energy =     -413.2508221214 |dE/dxyz| =  0.105142
    1.35328201072375      1.87783029867125      1.02916563445857      c
    2.89043815282585      0.18220739293642     -0.29234630065798      n
    2.17058478017215     -2.24917282051696     -0.97652542353099      c
   -0.26758710897313     -2.97499961745060     -0.26297617722905      n
   -1.89755714968622     -1.42747643782881      1.03781680065710      c
   -1.17586696323939      0.96290616735081      1.70679685630975      c
    3.58492951116094     -3.72360139363823     -2.15587515201806      o
   -2.39648264110992      2.24572596006565      2.73140825080796      h
    2.16821317388575      4.01290523523556      1.55422603818584      o
    4.65501527512215      0.74583143768893     -0.79403457167588      h
   -0.81359134733963     -4.74619078118309     -0.75369836754574      h
   -3.78161976511649     -2.16394239284409      1.51923964871451      h
  -.15680169688013D-01  -.43234319561826D-01  -.10975316522610D-01
  0.24326084474980D-01  0.17493992057808D-01  -.30101765095458D-02
  -.34440964471055D-01  0.38559797390117D-01  0.29811345396740D-01
  -.37775701108629D-02  -.67599770152231D-02  -.11721626339438D-02
  -.12097036428020D-02  -.19500368950874D-01  -.73910570974847D-02
  -.42724054678906D-02  0.16703346986646D-01  0.85428430263050D-02
  0.28680221281970D-01  -.31134353048765D-01  -.24400524810725D-01
  0.45223394182150D-02  -.37527123566350D-02  -.33805319750124D-02
  0.12164477937343D-01  0.28296592286530D-01  0.63839765081521D-02
  -.24947343005470D-02  -.10032704855747D-02  0.62584790028564D-03
  -.38154197725038D-02  0.19474780707123D-02  0.23522068459756D-02
  -.40021556182523D-02  0.23837946093692D-02  0.26135498484023D-02
  cycle =      5 MP2 energy =     -413.2551642721 |dE/dxyz| =  0.031964
    1.35001033656534      1.90146528651760      1.04118491312206      c
    2.83722111762513      0.15002891479037     -0.28301948828654      n
    2.17766975511318     -2.27931630391066     -0.99298718276247      c
   -0.24648110644234     -2.96834379884109     -0.26797681238425      n
   -1.86693370133449     -1.40170202654094      1.03576415629168      c
   -1.16986866190727      0.97601818627381      1.70807389320569      c
    3.57249191092481     -3.70763823590858     -2.14946448548785      o
   -2.41407336501183      2.25673034911367      2.73733691492317      h
    2.16949317441661      4.00219537630031      1.55356955690098      o
    4.60732884889847      0.71309264588241     -0.78654480839518      h
   -0.78964974952600     -4.74334751742410     -0.75812257461189      h
   -3.73745063089581     -2.15715982776596      1.50538315396062      h
  -.55593261736804D-02  -.15923873059262D-01  -.41583064968759D-02
  0.48041980335167D-02  0.28717793882116D-02  -.85245040059245D-03
  -.10600248053990D-01  0.12191468433187D-01  0.94112973946823D-02
  0.50300870513160D-02  -.34569011877572D-03  -.22930910293562D-02
  0.52973629520281D-04  -.71182523054460D-02  -.29308352506821D-02
  -.10884377099796D-03  0.48035455974009D-02  0.20574515582474D-02
  0.55420389761043D-02  -.74928480800658D-02  -.53894856692214D-02
  0.14845031419082D-02  0.15364303133936D-03  -.62374451379776D-03
  0.24345491684059D-02  0.87702163767709D-02  0.25663370993092D-02
  -.92138487893401D-03  -.94352301695921D-03  0.16612547481865D-04
  -.12110265991905D-02  0.58301582739162D-03  0.76969435007923D-03
  -.94752052430103D-03  0.24505179235408D-02  0.14265204109394D-02
  cycle =      6 MP2 energy =     -413.2556167049 |dE/dxyz| =  0.005050
    1.35287549680410      1.92179909462555      1.04471843003005      c
    2.81982137453300      0.14274427450422     -0.28066883333341      n
    2.18415833211040     -2.29672200686529     -0.99820180956871      c
   -0.24870018239820     -2.96934656014266     -0.26876900108688      n
   -1.86011038751325     -1.39057144664161      1.03530533746543      c
   -1.16747437584552      0.98058603384613      1.71337249515469      c
    3.58201089540139     -3.70845153643246     -2.13679222568922      o
   -2.41953496796654      2.24637451401461      2.75942009867793      h
    2.17930635753472      4.00812823813903      1.54014293885554      o
    4.59078619842647      0.71023501442896     -0.78833325223493      h
   -0.79512458637108     -4.74327696035752     -0.76359566002574      h
   -3.72825622628969     -2.15947561063211      1.48659871823127      h
  0.43571572666945D-03  -.97214792831757D-03  -.70697018949502D-03
  -.11137555001790D-02  -.87492994228278D-04  0.53069782433846D-03
  0.59015492828829D-03  -.16703966978993D-03  -.56274837623316D-03
  0.25618882521465D-02  0.91790417357096D-03  -.40997823344635D-03
  0.34863414437858D-03  -.17672980612460D-02  -.74946383703312D-03
  -.53866071375985D-03  -.53325851251529D-03  -.23590801498230D-03
  -.15708151048237D-02  0.91457946825102D-03  0.12037517944172D-02
  0.71022374774499D-03  0.69692023697998D-03  0.39309624789130D-03
  -.97311667479794D-03  -.89739966934843D-04  0.33907854538473D-03
  -.10021710131980D-04  -.41599753885446D-03  -.24659469924848D-03
  -.20885399439052D-03  0.24997159597362D-04  0.59881891349978D-04
  -.23139318004972D-03  0.14785737138514D-02  0.38515711167464D-03
  cycle =      7 MP2 energy =     -413.2556325699 |dE/dxyz| =  0.006143
    1.35484438867135      1.92425886247416      1.04818942207494      c
    2.81884550938206      0.14102817460650     -0.27787531012719      n
    2.18332496589335     -2.29773052617126     -1.00272537100700      c
   -0.25007020748567     -2.96959798680882     -0.26895201436859      n
   -1.85812737424035     -1.39000398604304      1.03870920765965      c
   -1.16915320706042      0.98354809951567      1.71000035911432      c
    3.57852119927176     -3.70352834115207     -2.14866734425615      o
   -2.43170297108429      2.25407124979635      2.73835289619118      h
    2.18635141183361      4.00592084287435      1.54660800506481      o
    4.59250625599431      0.70693017948033     -0.77957471298644      h
   -0.79688679138663     -4.74348090705287     -0.76404042269265      h
   -3.71869525136328     -2.16939261303244      1.50317252180915      h
  0.13225065319094D-02  0.10140491953230D-02  0.80333216122476D-04
  -.17011202034896D-02  -.24859527662002D-03  0.52963560568386D-03
  0.19661545302792D-02  -.17564734073079D-02  -.14840007495243D-02
  0.15676570957348D-02  0.10465132011497D-02  -.38214027417038D-03
  0.34035560682177D-03  -.88771418828681D-03  -.51106663899914D-03
  -.58585510782638D-03  -.12989570552264D-02  -.20672492408469D-03
  -.21317435902315D-02  0.17600645270477D-02  0.16107171929551D-02
  0.35001743490737D-03  0.90014336496935D-03  -.41686397728835D-04
  -.12491149469405D-02  -.11521801459509D-02  0.15565684439167D-04
  0.15496211079391D-03  -.33421838041936D-03  -.17333864633096D-03
  -.76568359878015D-04  -.33428339780706D-04  -.77651098980835D-04
  0.42748748419363D-04  0.99079658425305D-03  0.64035712256372D-03
  cycle =      8 MP2 energy =     -413.2556562864 |dE/dxyz| =  0.003056
    1.35617553450909      1.92554992951540      1.04945575202257      c
    2.81997583617686      0.14216209801057     -0.27870509381029      n
    2.18202876032072     -2.29706343769335     -1.00422181695023      c
   -0.25098176793662     -2.97156789929630     -0.26473510883099      n
   -1.85972367266657     -1.38849725505770      1.03763399977982      c
   -1.16980789116832      0.98517005617425      1.71038961326496      c
    3.57646422467414     -3.70090540044047     -2.15825334181471      o
   -2.43472041454563      2.25167712950879      2.73987019842804      h
    2.19317203622357      4.00571691736024      1.54902735010771      o
    4.59348342252394      0.70897192040216     -0.77972150335426      h
   -0.79328303113123     -4.74988806444272     -0.74840773961865      h
   -3.72302510855416     -2.16930294555401      1.49086492725206      h
  0.81928720077684D-03  0.78581451364235D-03  -.12555875571298D-03
  -.78175937974390D-03  0.26986618125724D-03  0.35180788089550D-03
  0.94338943462002D-03  -.92259375016712D-03  -.52071859404945D-03
  0.34823884549340D-03  0.47246879450569D-03  -.55861169100835D-04
  0.28520458489822D-03  -.67390702174652D-03  -.48170575556927D-03
  -.79766691646466D-03  -.95680759489003D-03  0.78108880931183D-04
  -.69601730095314D-03  0.61947345373881D-03  0.29582277398355D-03
  0.34936281797693D-03  0.57004215544287D-03  0.23639277606069D-04
  -.55478342995841D-03  -.46129568866604D-03  0.88559283302203D-04
  0.16394445010270D-03  -.24451769748501D-03  -.63636850714532D-04
  0.18868891811019D-04  -.96375639337509D-04  0.13697983987915D-03
  -.98069338432261D-04  0.63783235986281D-03  0.27256327227443D-03
  cycle =      9 MP2 energy =     -413.2556641392 |dE/dxyz| =  0.002065
    1.35659854264000      1.92663443649498      1.04891682910395      c
    2.82123047932462      0.14320617541537     -0.27965142734959      n
    2.18211832667168     -2.29741704429054     -1.00162023179179      c
   -0.25343891468582     -2.97122249950752     -0.26543541080342      n
   -1.86054678256893     -1.38776635081914      1.03823916005283      c
   -1.16962448714347      0.98605673451327      1.71226472117218      c
    3.58081452767782     -3.70509209899646     -2.15037200420382      o
   -2.43584791092400      2.24788816413308      2.74485625182927      h
    2.19683886232857      4.00739697901059      1.54551772352260      o
    4.59272979879944      0.71262104318670     -0.78416303838350      h
   -0.79817732721408     -4.74713632577757     -0.75471236305277      h
   -3.72293718648004     -2.17314616487590      1.48935702638010      h
  0.25086433411614D-03  0.95921948474409D-04  -.15130075864626D-03
  0.20260268659911D-03  0.65187031049074D-03  0.21734076108015D-03
  -.31177426195494D-03  0.18322478658162D-03  0.24735204682824D-03
  -.52028851623120D-03  -.65723317256072D-04  0.16713811016533D-03
  0.26706257071751D-03  -.57355040443507D-03  -.35144554980038D-03
  -.90937260453927D-03  -.42458934091805D-03  0.24244421798070D-03
  0.71314696665148D-03  -.56834452678700D-03  -.55644551179768D-03
  0.30722808428241D-03  0.26999389153737D-03  -.24349218172404D-04
  0.11110421849558D-03  0.31366692370938D-03  0.13604931525446D-03
  0.67713605901965D-04  -.11258983473117D-03  -.10890265321528D-03
  -.33156994051708D-04  -.16895307919818D-04  0.51208633374156D-04
  -.14513018652718D-03  0.24701494569479D-03  0.13091067556892D-03
  cycle =     10 MP2 energy =     -413.2556673100 |dE/dxyz| =  0.001045
    1.35588628073043      1.92750263164775      1.04702103964181      c
    2.82108083131227      0.14212836907521     -0.27867764814066      n
    2.18182958363833     -2.29748270065935     -1.00135147706906      c
   -0.25386789122852     -2.96995826692442     -0.26656629767260      n
   -1.85985972364076     -1.38674466341925      1.03903414073627      c
   -1.16886494211233      0.98683881077706      1.71313390650139      c
    3.58011729013037     -3.70515301452835     -2.14899662995717      o
   -2.43594570905624      2.24506353665941      2.74912273207138      h
    2.19559839244010      4.00958023994196      1.53722636863798      o
    4.59445976060362      0.71030099620484     -0.77769153282318      h
   -0.80003352251673     -4.74440666752061     -0.75946055846798      h
   -3.72064242187475     -2.17564622276740      1.49040319301785      h
  0.18993685410651D-03  0.23146118439765D-03  0.11047919022750D-03
  0.85123428613443D-04  0.35581041506383D-03  0.61927275225582D-05
  -.73014749530476D-04  -.85002884752550D-04  -.19919000586732D-05
  -.32194615275216D-03  -.69437910381609D-04  0.13497921489836D-03
  0.21933719741085D-03  -.15356468082928D-03  -.15645328327363D-03
  -.57919432503706D-03  -.29845564429465D-03  0.63959598597840D-04
  0.24572707615356D-03  -.89947185795580D-04  -.16033276803462D-03
  0.20147930254177D-03  0.13570560473708D-03  0.32930684898513D-04
  0.20472438698960D-04  0.29423989865052D-04  -.88342080139192D-04
  0.73948041595884D-04  -.11743372541262D-03  0.24505119338603D-04
  0.37449991943106D-05  0.62770812814250D-06  -.54053010170030D-05
  -.65614210996046D-04  0.60813203552446D-04  0.39478868077092D-04
  cycle =     11 MP2 energy =     -413.2556674493 |dE/dxyz| =  0.000935
    1.35694756489570      1.92599137400435      1.04953050196885      c
    2.81984700140470      0.14188651049084     -0.28040000748573      n
    2.18173648072791     -2.29755269352557     -1.00053406103777      c
   -0.25276599100925     -2.96938432823111     -0.26498476373145      n
   -1.85945814000066     -1.38514617203470      1.03892316960391      c
   -1.16826152394164      0.98826954043422      1.71262336880703      c
    3.57942761423014     -3.70616361997729     -2.14601777855611      o
   -2.43998443501880      2.24563067473939      2.74406029666434      h
    2.20113122978579      4.00440843152985      1.54639056933690      o
    4.58908795405530      0.71496069826027     -0.78792429538781      h
   -0.79806778822232     -4.74465319509796     -0.75577558361563      h
   -3.71988203848107     -2.17622417210544      1.48730581990950      h
  -.11966659848772D-03  0.24229110207230D-03  0.12202925512864D-04
  0.22644792537996D-04  -.18678388864224D-03  0.71679405959646D-04
  0.14707476004361D-03  -.25091612428696D-03  -.20068058465084D-03
  0.10598557101638D-03  0.22132641815276D-04  -.63495465447483D-04
  0.92847922765316D-04  0.27001020917261D-03  0.10264619204348D-03
  0.54073446209557D-04  -.10585055023515D-03  -.14918110649909D-04
  -.31449016797147D-03  0.38378714297949D-03  0.35499221683644D-03
  -.82719123835062D-05  0.26391338079357D-04  -.46686350492209D-04
  0.13101956687578D-04  -.31065432507660D-03  -.95379453757261D-06
  -.72744376868883D-04  0.53210369876933D-05  -.13182531725131D-03
  0.43538975847968D-04  0.10115539242683D-04  -.25076365356869D-04
  0.35905528982028D-04  -.10584404843406D-03  -.57884680918940D-04
  cycle =     12 MP2 energy =     -413.2556688741 |dE/dxyz| =  0.000311
    1.35634693285422      1.92632075720180      1.04797037206586      c
    2.82086332036411      0.14173661462480     -0.27927190038365      n
    2.18158756104989     -2.29712441488452     -1.00125209451393      c
   -0.25310760667828     -2.96928815338669     -0.26574876274414      n
   -1.85959511631562     -1.38581097825914      1.03927164550563      c
   -1.16827808463819      0.98788593457688      1.71257438746637      c
    3.57858204385550     -3.70558354217982     -2.14917349805569      o
   -2.43878036354217      2.24512889116117      2.74556269656984      h
    2.19800346596087      4.00709456479774      1.54117609213633      o
    4.59269430570126      0.71227156395039     -0.78057511875906      h
   -0.79889176099096     -4.74418784377080     -0.75736181877410      h
   -3.71966676919482     -2.17642034534496      1.49002523596257      h
  -.12619471458164D-03  -.14166670094928D-03  0.19421845171716D-04
  0.64477565033805D-04  0.32657357437849D-04  -.34831863634732D-04
  -.12043559856290D-03  0.78572127625520D-04  0.10291675984586D-03
  0.56488677753208D-04  -.69478747377616D-05  -.46970548086778D-04
  0.32807616204167D-04  0.55421316790927D-04  0.58276891756748D-06
  -.12643458254580D-04  -.94771708054608D-05  0.11822612846046D-04
  0.20852498003876D-04  -.28245473373545D-05  -.25440531810972D-04
  0.32419365031622D-04  0.25554001386041D-04  -.27926450241189D-04
  0.47201741784519D-04  0.49423374679947D-04  -.82660769109566D-05
  -.13718970500953D-04  -.49698644554397D-04  0.28359200749950D-05
  0.77180188524650D-05  0.94256213269972D-05  0.18875025287191D-05
  0.11027157625243D-04  -.40438785447572D-04  0.39681323014129D-05
  cycle =     13 MP2 energy =     -413.2556687841 |dE/dxyz| =  0.000137
    1.35643547856852      1.92662912183742      1.04795551567755      c
    2.82071944628469      0.14178647005932     -0.27939227704721      n
    2.18180958742203     -2.29744046756122     -1.00120392256779      c
   -0.25317335653595     -2.96941697462239     -0.26571259342632      n
   -1.85963774077317     -1.38573958416738      1.03911962102690      c
   -1.16817640419020      0.98780040624947      1.71277022846102      c
    3.57904239030082     -3.70598488821420     -2.14858529055580      o
   -2.43848736518913      2.24461400307898      2.74661721027312      h
    2.19796196430951      4.00736000332632      1.54101493262908      o
    4.59237968345452      0.71264035413128     -0.78117986233494      h
   -0.79904399805344     -4.74431855392159     -0.75731399921979      h
   -3.72007175717240     -2.17590684170916      1.48910767356019      h
  -.26315998947979D-04  0.25109095271425D-04  0.25041229044939D-04
  0.48473276565986D-05  0.35805229183783D-04  0.49883307899901D-05
  -.16173996912894D-04  -.19654215515974D-04  -.30785086324592D-06
  -.16683622475533D-04  -.67027208690007D-05  0.48720373457822D-05
  0.20371328973923D-04  0.61490093223426D-04  0.15725910308184D-04
  -.40850418419502D-04  -.61287801728760D-04  -.88104578077619D-05
  0.16647363644040D-04  0.69687495241055D-05  -.30735322251729D-05
  0.30933024068425D-04  0.24687776438270D-04  0.40996474051092D-05
  0.10610519831644D-04  -.88344390292150D-05  -.13159358765336D-04
  0.22738434068970D-05  -.29438354987477D-04  -.87359284548505D-05
  0.10215153604776D-04  -.88333008818609D-06  -.22354971467298D-05
  0.41253715963308D-05  -.27260004181962D-04  -.18404456696874D-04
  cycle =     14 MP2 energy =     -413.2556689234 |dE/dxyz| =  0.000059
    1.35651988385286      1.92657617228138      1.04794624019650      c
    2.82079399725751      0.14176043778114     -0.27940979382585      n
    2.18186029495739     -2.29745189667030     -1.00122953814599      c
   -0.25312624191662     -2.96942133955293     -0.26568164686416      n
   -1.85961349182603     -1.38576727180364      1.03915227910646      c
   -1.16811686417028      0.98784176487200      1.71264907914836      c
    3.57894145254409     -3.70610581141187     -2.14863873360440      o
   -2.43873993551169      2.24449147243662      2.74633114331259      h
    2.19799857051710      4.00728065464415      1.54124984863169      o
    4.59237922673171      0.71287528612883     -0.78121473485842      h
   -0.79909862870129     -4.74428077616962     -0.75734484524760      h
   -3.72004033530895     -2.17577564404891      1.48938793862683      h
  -.82085044152969D-05  0.65886604310172D-05  -.42812507282525D-05
  -.54126403910004D-05  0.15980795222692D-04  0.81080490856866D-05
  0.65061887379869D-05  -.43208051478949D-05  -.51279939006221D-06
  -.35353286786943D-06  -.18150074563295D-05  -.13273891059651D-05
  -.37673659587512D-05  0.26195409685847D-04  0.18780634373439D-04
  -.69267638433956D-05  -.23409649254624D-04  -.14422624032839D-04
  -.42097731540736D-05  -.19647373648013D-05  -.18325759221227D-05
  0.11257632987149D-04  0.14657117453076D-04  -.24716550584003D-07
  -.19140400375761D-06  -.29255217413038D-05  0.11531967340161D-04
  0.31642093620832D-05  -.12172748452777D-04  -.64266027774984D-05
  0.20858354530251D-05  -.12830592908131D-05  -.21303878243728D-05
  0.60560186359027D-05  -.15530382922124D-04  -.74622317667306D-05
$end
