$hessapprox internal
  0.929147236545D+00  0.340515611257D-02  0.435017841851D+00 -0.378496026827D-02
  0.442094050631D-02  0.178606897668D+00  0.860232980029D-02 -0.772704452589D-03
  0.757755142884D-03  0.443501420956D+00 -0.252619419979D-02  0.164438596034D-01
  0.144872322506D-02  0.159428685408D-02  0.234212123351D+00 -0.156423904948D-02
  0.101363521670D-02  0.104495987689D-01 -0.422652052127D-03 -0.747542530548D-02
  0.981053321434D-01 -0.271517412733D-01 -0.927497627585D-02  0.719234771203D-03
  0.683583909691D-02 -0.155324210259D-02 -0.495339200357D-03  0.930836585665D+00
 -0.182278179910D-01  0.171347230495D-01 -0.730906119564D-02  0.318869670920D-02
  0.262858727881D-01 -0.191038142716D-03 -0.669725953504D-03  0.409658744743D+00
  0.192100463965D-02  0.161638624470D-02 -0.703542404375D-02  0.326446514018D-03
  0.179010068481D-02  0.103530393187D-01  0.183977707034D-02 -0.264659130520D-02
  0.184852972644D+00  0.884591953417D-02  0.779481728018D-03 -0.189549131686D-03
 -0.139996370883D-02  0.663002076257D-03  0.119532493733D-03  0.814202570223D-02
  0.219687134013D-02 -0.156684498863D-03  0.507599801548D+00 -0.604218762085D-02
  0.955902318637D-02 -0.369361035751D-03  0.215450057995D-02 -0.613970858183D-01
 -0.544852349112D-02 -0.539092769482D-02  0.620809799495D-02  0.994807792105D-03
  0.221425073893D-02  0.335655660205D+00 -0.428326119911D-02  0.935637760369D-03
  0.218042375450D-01  0.114502121672D-03 -0.102009006242D-02 -0.308982206133D-02
 -0.139443641638D-02 -0.134167857961D-02 -0.275767703713D-01 -0.412555142804D-04
 -0.104820772104D-02  0.914667952398D-01  0.413619286146D-02 -0.480599140667D-03
  0.919992694477D-04 -0.533846357558D-03  0.878311127242D-03 -0.197466149709D-03
  0.277946502942D-02  0.152154723028D-02  0.104126546842D-03 -0.565559585666D-03
  0.114221327363D-02 -0.642097526336D-04  0.511060993472D+00  0.359922935985D-02
  0.622285738185D-02 -0.186861434200D-02 -0.848309388640D-04  0.619438279551D-02
 -0.113885476851D-02  0.726148505401D-02 -0.105329214012D-01 -0.449691479785D-03
 -0.412346802024D-03  0.175175108101D-02 -0.494312576843D-03  0.935138338010D-04
  0.364762499493D+00 -0.212194250339D-02  0.298693593931D-02  0.135560456071D-01
  0.113641858247D-02  0.272818311611D-02 -0.422151973445D-02 -0.659306472565D-03
 -0.593540756078D-02  0.376514781051D-02  0.409995096239D-03  0.854560166563D-03
  0.373698057420D-02  0.403489455184D-03 -0.787848013778D-03  0.693262248764D-01
 -0.386788127781D-02  0.274769853709D-02 -0.104108549989D-02  0.568738172327D-03
 -0.194331396657D-02  0.263322845936D-03 -0.128665195991D-02 -0.385195797216D-02
 -0.412214669970D-03  0.340816761013D-03 -0.151869694331D-02 -0.216950090560D-03
  0.267569922176D-03 -0.769809415093D-03 -0.976430127613D-03  0.415879052844D+00
 -0.756041714314D-02  0.135645636738D-01 -0.114299436469D-01  0.431596071298D-02
  0.865302220560D-01 -0.558609362814D-02  0.255557375414D-03 -0.623044135986D-01
 -0.199034986525D-02  0.547430830658D-02  0.304255252195D-01 -0.370828663357D-02
  0.265418706121D-02 -0.164435171668D-01 -0.602946708490D-02 -0.349786949337D-02
  0.250149257968D+00 -0.365205224205D-03 -0.413207879479D-03  0.718492891981D-02
 -0.110520842517D-02 -0.833488944907D-02  0.392002224206D-01  0.541788521237D-03
  0.297231142930D-02 -0.363062429303D-02 -0.301238289717D-03 -0.536012205635D-02
  0.656715478913D-02 -0.470778735529D-03 -0.771745717711D-03 -0.855958094295D-02
  0.750130766772D-03 -0.210513402083D-02  0.816713339827D-01  0.148139220558D-01
  0.954813983331D-02 -0.319387127275D-02 -0.119484156972D-02  0.170204434647D-01
  0.120260680902D-04  0.181670382995D-01 -0.158109202548D-01 -0.855674946892D-03
 -0.223040732984D-02  0.839264786661D-02 -0.989735483313D-03 -0.260806803393D-03
 -0.640177656111D-02 -0.131500721557D-02 -0.101398870689D-02 -0.222872000225D-01
  0.221284503201D-03  0.530689125639D+00  0.324928855773D-01  0.122357146474D-01
 -0.347202153504D-02 -0.333059904334D-02 -0.127313043681D-01  0.360897097118D-03
  0.292370983504D-01 -0.221170420921D-02 -0.629112879690D-03 -0.495723884075D-02
 -0.857575709343D-03 -0.178315737888D-02 -0.813991548160D-03 -0.341388286541D-02
 -0.321476296087D-03 -0.675251718997D-03  0.179929882933D-01 -0.544221353907D-03
 -0.773562055337D-02  0.545820438967D+00  0.285873301162D-01  0.123243770513D-01
 -0.439935200370D-02 -0.327939005633D-02  0.180293177943D-02  0.241340305088D-02
  0.282182136057D-01 -0.785151901112D-02 -0.138816676544D-02 -0.509004258200D-02
  0.588843161953D-02 -0.164405607519D-02 -0.814906724990D-03 -0.456303110696D-02
 -0.167774454389D-02 -0.968774395156D-03  0.611341140090D-02  0.202578420855D-02
 -0.108848795227D-01 -0.143199225411D-01  0.526527585000D+00  0.769724909401D-02
 -0.211721144122D-02  0.151286960824D-03 -0.351762500221D-03  0.105013423621D-01
 -0.134599332725D-02  0.303645730633D-02 -0.102668388888D-02  0.587851129179D-03
  0.161989148686D-03  0.481961777498D-02 -0.369269539628D-03 -0.185361445678D-04
 -0.606831872901D-03  0.947367502190D-03  0.568105246192D-03 -0.571222328607D-02
 -0.179874395496D-02 -0.371781267645D-03  0.389357139386D-02  0.316559481205D-02
  0.592020659258D+00 -0.987465191728D-02 -0.194822468391D-02 -0.609092293941D-03
  0.117277938505D-02  0.563872700348D-02  0.235355693417D-02 -0.798528163494D-02
 -0.485401219553D-03 -0.592035865246D-03  0.575838468370D-03  0.319405449324D-02
  0.165498740729D-04  0.274192433313D-03  0.196664864947D-02 -0.140097095458D-02
 -0.575742448823D-03  0.809266202127D-03  0.300147264734D-02  0.185187133768D-02
  0.145314149631D-02 -0.268128580470D-03  0.105442916716D-02  0.673205428176D+00
  0.947305849323D-02  0.189967780305D-01 -0.438070506286D-02 -0.178369045609D-02
 -0.251257233850D-01  0.199332107327D-02  0.224431964631D-01 -0.832070064681D-02
 -0.232252171624D-02 -0.491482235857D-02 -0.844838954634D-02 -0.682973632277D-03
 -0.707605467376D-03 -0.483289443500D-02 -0.292924426605D-02 -0.245233780832D-02
  0.105159407968D-01  0.273826098581D-02 -0.115640413937D-01 -0.249988429423D-01
 -0.249755292935D-01  0.431550770882D-02  0.458902797414D-03  0.436359814287D+00
 -0.150197937076D-01 -0.127630867837D-01  0.306573156947D-02  0.227440152133D-02
  0.122979583163D-02 -0.124377437969D-03 -0.232860029992D-01  0.983866697317D-02
  0.136467400578D-02  0.427087541850D-02 -0.159237200245D-02  0.521215145023D-03
  0.903105301559D-03  0.593071620562D-02  0.123393118564D-02  0.112438426919D-02
  0.655877500298D-02 -0.223995677938D-03  0.127810244480D-01  0.184386065382D-01
  0.197046264135D-01 -0.750534504338D-03 -0.272357216255D-02  0.211412934601D-01
  0.394200671815D+00  0.296737100483D-01  0.973735043197D-02 -0.961059173807D-03
 -0.379501834439D-02  0.144028323756D-01 -0.660086696648D-03  0.323490014583D-01
 -0.102417637621D-01 -0.236130560506D-03 -0.496564057956D-02  0.875108398234D-02
 -0.206540849303D-03 -0.142110350108D-02 -0.787963325096D-02  0.931909220418D-03
  0.202599951088D-03 -0.173103519764D-01 -0.175080563998D-02 -0.153943737633D-01
 -0.160902964804D-01 -0.177665491067D-01 -0.202289521113D-02  0.644533997031D-02
 -0.151268825448D-01  0.182276472835D-01  0.393480822855D+00 -0.483328715459D-01
  0.711878069615D-04 -0.140027837710D-02  0.622879627033D-02 -0.123913171928D-01
  0.113491680806D-02 -0.362587032300D-01 -0.746998697026D-02 -0.110335508505D-02
  0.607079743240D-02 -0.114628679481D-01  0.305735745321D-03  0.209299848463D-02
  0.329696938510D-02 -0.393300286553D-02 -0.262802042708D-02 -0.106558386570D-01
  0.402832711485D-02  0.809702819147D-02  0.975301881640D-02  0.952493440600D-02
  0.180260481354D-02 -0.659907738792D-02  0.871455925368D-02 -0.140884263119D-01
  0.231535744410D-01  0.388825503144D+00  0.375799657741D-02 -0.170776068962D-02
 -0.264811381448D-01  0.777133912115D-03  0.691382919213D-02 -0.428608434598D-01
 -0.543641796453D-03  0.556269852856D-03  0.117405150112D-01  0.588354826045D-03
  0.505129838417D-02 -0.227841337609D-01  0.505472534612D-03  0.164344988450D-02
  0.109089806508D-02 -0.200671309813D-03  0.796976072667D-02 -0.414139398494D-01
  0.177730421884D-02  0.339991584058D-02  0.144328736037D-02  0.179860239154D-02
 -0.237295047166D-02 -0.134675505639D-04 -0.156845408863D-02  0.232890636154D-02
 -0.386480690351D-02  0.768682585827D-01 -0.614494491303D-03  0.296721077161D-02
  0.717366008503D-02  0.908813547193D-03  0.314846133245D-02  0.671752196665D-02
  0.599522124205D-03 -0.571750661965D-02  0.195933486363D-01  0.142600910952D-03
  0.116787230627D-02 -0.122329885818D-01  0.296123165495D-03 -0.911790400912D-03
  0.958280352756D-02 -0.881461279251D-03 -0.618289898989D-02 -0.480806338885D-02
 -0.157006229759D-02 -0.735380242968D-03 -0.205107688120D-02  0.819140646934D-03
 -0.120921759899D-02 -0.320739387871D-02  0.170455246814D-02  0.336368687088D-03
 -0.304669024017D-02  0.330912800699D-02  0.347894006295D-01  0.239273624083D-02
 -0.164371927211D-02 -0.139266748920D-01 -0.103666578787D-02 -0.725792546275D-02
  0.324831801565D-01  0.677796896115D-03  0.466356407285D-02  0.158462914600D-01
 -0.109242637922D-03 -0.409036650337D-02 -0.197415365181D-01 -0.328032849468D-03
  0.974022128939D-04 -0.119934029005D-01  0.898090926135D-03  0.312524261506D-02
  0.256449919641D-01  0.155044496641D-02  0.134832088020D-02  0.360532339726D-02
 -0.118587290846D-02  0.248733389009D-02  0.340811741960D-02 -0.122040464908D-02
 -0.806059260872D-03  0.297137587863D-02 -0.148612660150D-01  0.246769237167D-02
  0.544984638652D-01
$end
